United_States_09d4:0.0026227825187595337
2006:0.0012284502564829042
United_Kingdom_5ad7:0.0012030876608604235
Biography:9.820374453286481E-4
2005:9.170072940306303E-4
England:8.801708416603322E-4
Canada:8.558688793829114E-4
Geographic_coordinate_system:7.716233146138797E-4
France:7.249872472231706E-4
2004:7.198637043693778E-4
Australia:6.804489868435326E-4
Germany:6.543130065005723E-4
2003:5.873690347801718E-4
India:5.833963431552636E-4
Japan:5.828277051165353E-4
Internet_Movie_Database_7ea7:5.334864306393346E-4
Europe:5.092484961967559E-4
Record_label:4.914393226413199E-4
2001:4.8699128580378465E-4
2002:4.828577352477036E-4
World_War_II_d045:4.780333469571E-4
Population_density:4.703256880800154E-4
Music_genre:4.6717772952821403E-4
2000:4.646462307062017E-4
Italy:4.4579052334839603E-4
Wiktionary:4.361919952786656E-4
Wikimedia_Commons_7b57:4.352808132065921E-4
London:4.347780353049058E-4
English_language:4.1847604287776686E-4
1999:4.059211653948595E-4
Spain:3.629051259754319E-4
1998:3.562958731726882E-4
Russia:3.4388262080060564E-4
1997:3.372721128493741E-4
Television:3.362841619273414E-4
New_York_City_1428:3.346157281740548E-4
Football_(soccer):3.261361775977796E-4
1996:3.236143138982327E-4
Census:3.235427094261986E-4
Scotland:3.2217732342579736E-4
1995:3.101430911199508E-4
China:3.086287965995252E-4
Population:3.0430490029791324E-4
Square_mile:3.0404440801579905E-4
Scientific_classification:3.0399970858386866E-4
California:3.016544758861371E-4
1994:2.906794147210758E-4
Sweden:2.876107359359758E-4
Public_domain:2.874055257964335E-4
Film:2.862584931187741E-4
Record_producer:2.8410241433389797E-4
New_Zealand_2311:2.830900422725726E-4
New_York_3da4:2.788749824240268E-4
Netherlands:2.766602878119938E-4
Marriage:2.758027259076647E-4
1993:2.747931069843866E-4
United_States_Census_Bureau_2c85:2.746565215125645E-4
1991:2.718875297762706E-4
1990:2.683144027492705E-4
1992:2.663563873117431E-4
Politician:2.648844252415009E-4
Album:2.6054807676420435E-4
Latin:2.604466868555872E-4
Actor:2.583294941664285E-4
Ireland:2.580910099544144E-4
Per_capita_income:2.5563290310378527E-4
Studio_album:2.5184431454017937E-4
Poverty_line:2.511553707637958E-4
Km²:2.494975417465666E-4
1989:2.468811921732935E-4
Norway:2.408368253981272E-4
Website:2.3900559612241305E-4
1980:2.353135255409015E-4
Animal:2.2936941866446385E-4
Area:2.2920047036185682E-4
1986:2.2702487920721724E-4
Personal_name:2.2623219918583982E-4
Poland:2.261113122203683E-4
Brazil:2.256445471972414E-4
1985:2.2401991772967383E-4
1987:2.2329661402289665E-4
1983:2.2174703805662163E-4
1982:2.2108915650160933E-4
French_language:2.1937277563553487E-4
1981:2.1933927024866983E-4
1979:2.19321446029181E-4
1984:2.1878134107366115E-4
World_War_I_9429:2.186853007908301E-4
1988:2.1856801601131525E-4
Paris:2.1800298862435503E-4
1974:2.1796732724180536E-4
Mexico:2.1566079265238446E-4
19th_century:2.1184915376876577E-4
1970:2.1131563777756682E-4
January_1:2.1085567314476053E-4
USA_f75d:2.107004987407906E-4
1975:2.0859450047118513E-4
1976:2.0845991142082055E-4
Africa:2.0779081242294976E-4
South_Africa_1287:2.073521027472925E-4
