United_States_09d4:0.005189009000274018
Wikimedia_Commons_7b57:0.004806766474709875
Country:0.003940284687713559
England:0.0027524814361112038
Water:0.002687809623447152
Animal:0.0025540875651497564
City:0.0025108240807830222
United_Kingdom_5ad7:0.0023586470936127683
Germany:0.002350401697711988
Earth:0.0023247348599551624
France:0.0023236079471425975
Europe:0.0020380970371681956
Wiktionary:0.001753884214276457
English_language:0.0017496771217548187
Government:0.0017323446521037011
Computer:0.001716840484713742
India:0.0017131709183852975
Money:0.0016673836980231767
Japan:0.0015516905685357759
Plant:0.0015235595093602652
Italy:0.0015074330904983279
Canada:0.0014814073434532152
Spain:0.0014711236922238537
Food:0.0014246868489679737
Human:0.0014120970062699596
China:0.001396715061273232
People:0.0013822485250560854
Australia:0.0013298542407507935
Asia:0.0012844361711364027
Capital_(city):0.0012742684212522291
Television:0.0012649972257606488
Sun:0.0012602100811783005
Number:0.0012432362289291
State:0.0012403756814549118
Sound:0.0012352116672222245
Science:0.0012325431753597146
Mathematics:0.00123105663929585
Metal:0.0011923046237497063
Year:0.0011770925835108744
2004:0.0011733573137687526
Language:0.0011501658848580075
Russia:0.0011461817792128418
Wikipedia:0.0011233302809884652
Religion:0.0010985666999662916
19th_century:0.001096539141780341
Music:0.001087431323214671
Scotland:0.0010548007350065533
20th_century:0.0010537049832591234
Greece:0.001049222732934861
Latin:0.0010298606131876834
London:0.0010273554428515473
Greek_language:0.001004357256650526
Energy:9.990118103796364E-4
World:9.863508479979015E-4
Centuries:9.759058651368058E-4
Culture:9.452039652115225E-4
History:9.36469603425649E-4
Liquid:9.145230968002291E-4
Netherlands:9.057245076491698E-4
Planet:9.049322622392144E-4
Light:9.01676352686596E-4
Society:9.014920621454215E-4
Atom:8.900226406531587E-4
Wikimedia_Foundation_83d9:8.884400707763227E-4
Scientist:8.883836105737E-4
Image:8.876884860222202E-4
Law:8.86290805598626E-4
Geography:8.788451614551076E-4
List_of_decades:8.785742942839099E-4
Uniform_Resource_Locator_1b4e:8.618845063634354E-4
Africa:8.605699671526489E-4
Turkey:8.448863678892081E-4
Inhabitant:8.304794882325052E-4
Capital_city:8.230488140439345E-4
Plural:8.215155955104314E-4
Electricity:8.137230016666798E-4
Poland:7.972379043155139E-4
Building:7.971238925722224E-4
Car:7.946540606240837E-4
Sweden:7.917125562342906E-4
Book:7.9148847053213E-4
Biology:7.869328964315907E-4
War:7.708172945482248E-4
Chemical_element:7.681607959198544E-4
God:7.609357218915553E-4
North_America_e7c4:7.562868644168608E-4
September_7:7.547781812642625E-4
Website:7.462973500605924E-4
Nation:7.426671526407812E-4
Politics:7.39710378759072E-4
2006:7.332900172260946E-4
Fish:7.32237111291133E-4
Species:7.308711176294933E-4
Mammal:7.216744135950782E-4
Island:7.178090203037456E-4
Portugal:7.171070596607486E-4
Gas:7.155515366540752E-4
River:7.11577751301069E-4
Switzerland:7.06107507438663E-4
World_War_II_d045:7.020304931583197E-4
