United_States_09d4:0.0026227825187593564
2006:0.0012284502564828396
United_Kingdom_5ad7:0.001203087660860347
Biography:9.820374453285378E-4
2005:9.170072940305761E-4
England:8.801708416602728E-4
Canada:8.558688793828598E-4
Geographic_coordinate_system:7.716233146138154E-4
France:7.249872472231362E-4
2004:7.198637043693354E-4
Australia:6.804489868434933E-4
Germany:6.543130065005381E-4
2003:5.87369034780135E-4
India:5.833963431552251E-4
Japan:5.828277051165018E-4
Internet_Movie_Database_7ea7:5.334864306392877E-4
Europe:5.092484961967293E-4
Record_label:4.914393226412673E-4
2001:4.869912858037551E-4
2002:4.8285773524767514E-4
World_War_II_d045:4.7803334695707786E-4
Population_density:4.7032568807998205E-4
Music_genre:4.6717772952816313E-4
2000:4.646462307061747E-4
Italy:4.457905233483763E-4
Wiktionary:4.361919952786473E-4
Wikimedia_Commons_7b57:4.352808132065846E-4
London:4.3477803530488123E-4
English_language:4.184760428777508E-4
1999:4.0592116539483764E-4
Spain:3.629051259754134E-4
1998:3.56295873172667E-4
Russia:3.438826208005909E-4
1997:3.3727211284935405E-4
Television:3.362841619273158E-4
New_York_City_1428:3.346157281740383E-4
Football_(soccer):3.261361775977513E-4
1996:3.23614313898214E-4
Census:3.2354270942617423E-4
Scotland:3.2217732342577834E-4
1995:3.101430911199333E-4
China:3.086287965995098E-4
Population:3.0430490029789616E-4
Square_mile:3.0404440801577845E-4
Scientific_classification:3.039997085838384E-4
California:3.016544758861185E-4
1994:2.906794147210599E-4
Sweden:2.876107359359609E-4
Public_domain:2.8740552579641245E-4
Film:2.862584931187542E-4
Record_producer:2.8410241433386713E-4
New_Zealand_2311:2.8309004227255574E-4
New_York_3da4:2.788749824240111E-4
Netherlands:2.7666028781197995E-4
Marriage:2.758027259076436E-4
1993:2.7479310698437065E-4
United_States_Census_Bureau_2c85:2.746565215125446E-4
1991:2.718875297762573E-4
1990:2.6831440274925644E-4
1992:2.6635638731172873E-4
Politician:2.648844252414691E-4
Album:2.605480767641753E-4
Latin:2.60446686855581E-4
Actor:2.583294941664048E-4
Ireland:2.5809100995440005E-4
Per_capita_income:2.5563290310376445E-4
Studio_album:2.5184431454014684E-4
Poverty_line:2.511553707637753E-4
Km²:2.4949754174654574E-4
1989:2.468811921732801E-4
Norway:2.4083682539811005E-4
Website:2.3900559612239904E-4
1980:2.353135255408889E-4
Animal:2.293694186644437E-4
Area:2.2920047036184636E-4
1986:2.2702487920720505E-4
Personal_name:2.2623219918581236E-4
Poland:2.26111312220353E-4
Brazil:2.256445471972266E-4
1985:2.2401991772966147E-4
1987:2.2329661402288397E-4
1983:2.2174703805660946E-4
1982:2.2108915650159572E-4
French_language:2.1937277563552788E-4
1981:2.1933927024865717E-4
1979:2.19321446029168E-4
1984:2.187813410736487E-4
World_War_I_9429:2.1868530079082095E-4
1988:2.1856801601130267E-4
Paris:2.1800298862434378E-4
1974:2.1796732724179322E-4
Mexico:2.1566079265237194E-4
19th_century:2.1184915376876135E-4
1970:2.113156377775561E-4
January_1:2.1085567314475413E-4
USA_f75d:2.1070049874077378E-4
1975:2.0859450047117342E-4
1976:2.0845991142080957E-4
Africa:2.0779081242293878E-4
South_Africa_1287:2.0735210274728096E-4
