United_States_09d4:0.0024812785709772793
2006:0.0011580236552899475
United_Kingdom_5ad7:0.0011348922319550914
Biography:9.421455738536286E-4
2005:8.64483709408888E-4
England:8.3226282470272E-4
Canada:8.092197921849713E-4
Geographic_coordinate_system:7.341016462839352E-4
France:6.826383791939523E-4
2004:6.787391194024707E-4
Australia:6.430227858462417E-4
Germany:6.168989044244115E-4
2003:5.541954495803745E-4
India:5.525558716974451E-4
Japan:5.497764940450383E-4
Internet_Movie_Database_7ea7:5.066796530346591E-4
Europe:4.7941720035201205E-4
Record_label:4.693591327791493E-4
2001:4.5955218767489066E-4
2002:4.552748415413261E-4
World_War_II_d045:4.4913533533657955E-4
Music_genre:4.4631047041899824E-4
Population_density:4.4520588190791416E-4
2000:4.3808618278483395E-4
Italy:4.1868876265832746E-4
London:4.092787952971132E-4
Wiktionary:4.084843280188389E-4
Wikimedia_Commons_7b57:4.0572458809193804E-4
English_language:3.9221428786068776E-4
1999:3.8257665371508145E-4
Spain:3.41180360440965E-4
1998:3.3598016737619867E-4
Russia:3.227297935455562E-4
Television:3.1848061310529906E-4
1997:3.179214516549787E-4
New_York_City_1428:3.1463104660055046E-4
Football_(soccer):3.1030483947060774E-4
Census:3.0716282722838576E-4
1996:3.0501992938735604E-4
Scotland:3.0375880165457996E-4
1995:2.920370445655904E-4
China:2.902325578057656E-4
Scientific_classification:2.898277013244895E-4
Square_mile:2.8751043111863015E-4
Population:2.872439498002132E-4
California:2.849797110480901E-4
1994:2.7381742785035924E-4
Public_domain:2.7179887773806454E-4
Record_producer:2.714242475231129E-4
Sweden:2.713219508419449E-4
Film:2.7071399865164153E-4
New_Zealand_2311:2.669905699752864E-4
New_York_3da4:2.630427843659715E-4
Marriage:2.614844445423711E-4
Netherlands:2.599914248177693E-4
United_States_Census_Bureau_2c85:2.5994843798380723E-4
1993:2.5893673763593045E-4
1991:2.558915257848686E-4
Politician:2.5376261644748197E-4
1990:2.526352480449265E-4
1992:2.5086746314000844E-4
Album:2.4933637455207296E-4
Actor:2.4563583559619024E-4
Ireland:2.4309092738574107E-4
Latin:2.428167997345161E-4
Per_capita_income:2.4256868142652146E-4
Studio_album:2.4156530023795817E-4
Poverty_line:2.3836521270392713E-4
Km²:2.3694221775005634E-4
1989:2.324093010880628E-4
Norway:2.277552223097757E-4
Website:2.2565655753999117E-4
1980:2.2157172772913823E-4
Animal:2.1812510813021456E-4
Personal_name:2.1681467397147302E-4
Area:2.156787746602127E-4
1986:2.137764438913411E-4
Poland:2.133046064046953E-4
Brazil:2.131720090452475E-4
1985:2.1098782007079306E-4
1987:2.1031806906338742E-4
1983:2.0889848108552857E-4
1982:2.0829946881939374E-4
1981:2.066018169184135E-4
1979:2.064512580290232E-4
1984:2.0615955210980224E-4
1988:2.0591383351214142E-4
World_War_I_9429:2.051426443075624E-4
French_language:2.0499326273818382E-4
1974:2.0495927367613926E-4
Paris:2.048272949480453E-4
Mexico:2.0306700526837005E-4
USA_f75d:1.994906451415092E-4
1970:1.9866106969689603E-4
19th_century:1.974970722857698E-4
January_1:1.9703594748771554E-4
1975:1.9619206982783496E-4
White_(U.S._Census)_c45a:1.9614205671005604E-4
1976:1.960967642394937E-4
Africa:1.9534517092565564E-4
