United_States_09d4:0.0024812785709773075
2006:0.0011580236552899443
United_Kingdom_5ad7:0.0011348922319550786
Biography:9.4214557385362E-4
2005:8.644837094088863E-4
England:8.322628247027189E-4
Canada:8.092197921849704E-4
Geographic_coordinate_system:7.34101646283928E-4
France:6.826383791939546E-4
2004:6.787391194024696E-4
Australia:6.430227858462342E-4
Germany:6.168989044244165E-4
2003:5.541954495803801E-4
India:5.525558716974406E-4
Japan:5.497764940450373E-4
Internet_Movie_Database_7ea7:5.066796530346619E-4
Europe:4.794172003520113E-4
Record_label:4.693591327791426E-4
2001:4.5955218767489554E-4
2002:4.5527484154133014E-4
World_War_II_d045:4.491353353365793E-4
Music_genre:4.4631047041899906E-4
Population_density:4.4520588190791047E-4
2000:4.3808618278483053E-4
Italy:4.186887626583273E-4
London:4.0927879529711495E-4
Wiktionary:4.0848432801883874E-4
Wikimedia_Commons_7b57:4.057245880919382E-4
English_language:3.922142878606877E-4
1999:3.8257665371508297E-4
Spain:3.411803604409649E-4
1998:3.3598016737619395E-4
Russia:3.227297935455555E-4
Television:3.1848061310530166E-4
1997:3.1792145165498244E-4
New_York_City_1428:3.1463104660054965E-4
Football_(soccer):3.103048394706108E-4
Census:3.0716282722838945E-4
1996:3.0501992938735496E-4
Scotland:3.0375880165458153E-4
1995:2.9203704456559376E-4
China:2.902325578057658E-4
Scientific_classification:2.898277013244908E-4
Square_mile:2.875104311186297E-4
Population:2.8724394980021164E-4
California:2.8497971104808937E-4
1994:2.738174278503574E-4
Public_domain:2.7179887773806785E-4
Record_producer:2.714242475231111E-4
Sweden:2.7132195084194743E-4
Film:2.7071399865164056E-4
New_Zealand_2311:2.669905699752878E-4
New_York_3da4:2.630427843659727E-4
Marriage:2.614844445423686E-4
Netherlands:2.599914248177674E-4
United_States_Census_Bureau_2c85:2.59948437983804E-4
1993:2.5893673763593213E-4
1991:2.5589152578486693E-4
Politician:2.5376261644748435E-4
1990:2.5263524804492496E-4
1992:2.50867463140009E-4
Album:2.493363745520721E-4
Actor:2.456358355961895E-4
Ireland:2.4309092738574158E-4
Latin:2.428167997345191E-4
Per_capita_income:2.4256868142652263E-4
Studio_album:2.4156530023795527E-4
Poverty_line:2.3836521270392783E-4
Km²:2.3694221775005876E-4
1989:2.324093010880626E-4
Norway:2.2775522230977498E-4
Website:2.2565655753999136E-4
1980:2.2157172772913804E-4
Animal:2.1812510813021415E-4
Personal_name:2.1681467397147334E-4
Area:2.156787746602122E-4
1986:2.1377644389134018E-4
Poland:2.1330460640469498E-4
Brazil:2.131720090452487E-4
1985:2.1098782007079352E-4
1987:2.1031806906338714E-4
1983:2.0889848108552795E-4
1982:2.082994688193946E-4
1981:2.066018169184129E-4
1979:2.0645125802902238E-4
1984:2.061595521098025E-4
1988:2.0591383351214242E-4
World_War_I_9429:2.0514264430756315E-4
French_language:2.0499326273818241E-4
1974:2.0495927367613834E-4
Paris:2.048272949480448E-4
Mexico:2.0306700526837002E-4
USA_f75d:1.994906451415092E-4
1970:1.9866106969689676E-4
19th_century:1.9749707228577037E-4
January_1:1.9703594748771657E-4
1975:1.961920698278348E-4
White_(U.S._Census)_c45a:1.9614205671005671E-4
1976:1.9609676423949354E-4
Africa:1.9534517092565482E-4
