United_States_09d4:0.002622782518759313
2006:0.001228450256482846
United_Kingdom_5ad7:0.0012030876608603279
Biography:9.820374453285085E-4
2005:9.170072940305594E-4
England:8.801708416602655E-4
Canada:8.558688793828519E-4
Geographic_coordinate_system:7.716233146138039E-4
France:7.249872472231409E-4
2004:7.198637043693463E-4
Australia:6.804489868434857E-4
Germany:6.543130065005426E-4
2003:5.873690347801395E-4
India:5.833963431552196E-4
Japan:5.828277051164987E-4
Internet_Movie_Database_7ea7:5.33486430639283E-4
Europe:5.092484961967315E-4
Record_label:4.914393226412522E-4
2001:4.869912858037575E-4
2002:4.828577352476802E-4
World_War_II_d045:4.7803334695708106E-4
Population_density:4.703256880799792E-4
Music_genre:4.6717772952815337E-4
2000:4.646462307061742E-4
Italy:4.457905233483811E-4
Wiktionary:4.3619199527865864E-4
Wikimedia_Commons_7b57:4.352808132065949E-4
London:4.347780353048819E-4
English_language:4.184760428777598E-4
1999:4.059211653948355E-4
Spain:3.629051259754197E-4
1998:3.562958731726673E-4
Russia:3.4388262080059544E-4
1997:3.3727211284935666E-4
Television:3.362841619273116E-4
New_York_City_1428:3.3461572817404317E-4
Football_(soccer):3.2613617759774547E-4
1996:3.236143138982165E-4
Census:3.2354270942617E-4
Scotland:3.221773234257784E-4
1995:3.101430911199352E-4
China:3.086287965995137E-4
Population:3.0430490029789665E-4
Square_mile:3.040444080157722E-4
Scientific_classification:3.0399970858383196E-4
California:3.0165447588611686E-4
1994:2.9067941472106116E-4
Sweden:2.876107359359608E-4
Public_domain:2.8740552579641055E-4
Film:2.8625849311875184E-4
Record_producer:2.841024143338588E-4
New_Zealand_2311:2.830900422725572E-4
New_York_3da4:2.7887498242401185E-4
Netherlands:2.7666028781198266E-4
Marriage:2.7580272590763745E-4
1993:2.7479310698437433E-4
United_States_Census_Bureau_2c85:2.7465652151253934E-4
1991:2.7188752977625786E-4
1990:2.6831440274925503E-4
1992:2.663563873117294E-4
Politician:2.6488442524145794E-4
Album:2.6054807676416294E-4
Latin:2.6044668685558896E-4
Actor:2.583294941663959E-4
Ireland:2.5809100995440173E-4
Per_capita_income:2.5563290310375486E-4
Studio_album:2.518443145401346E-4
Poverty_line:2.511553707637654E-4
Km²:2.494975417465352E-4
1989:2.468811921732848E-4
Norway:2.4083682539810885E-4
Website:2.3900559612239974E-4
1980:2.3531352554088996E-4
Animal:2.2936941866444008E-4
Area:2.2920047036184874E-4
1986:2.2702487920720665E-4
Personal_name:2.262321991858034E-4
Poland:2.261113122203536E-4
Brazil:2.2564454719722668E-4
1985:2.2401991772966304E-4
1987:2.2329661402288595E-4
1983:2.2174703805661117E-4
1982:2.2108915650159895E-4
French_language:2.1937277563553438E-4
1981:2.1933927024865888E-4
1979:2.193214460291712E-4
1984:2.187813410736495E-4
World_War_I_9429:2.1868530079082493E-4
1988:2.1856801601130262E-4
Paris:2.1800298862434682E-4
1974:2.179673272417958E-4
Mexico:2.1566079265237433E-4
19th_century:2.1184915376876675E-4
1970:2.1131563777755872E-4
January_1:2.1085567314475906E-4
USA_f75d:2.1070049874077212E-4
1975:2.085945004711778E-4
1976:2.0845991142081217E-4
Africa:2.0779081242294114E-4
South_Africa_1287:2.0735210274728163E-4
