United_States_09d4:0.005189009000274017
Wikimedia_Commons_7b57:0.004806766474709868
Country:0.003940284687713565
England:0.002752481436111204
Water:0.0026878096234471517
Animal:0.0025540875651497577
City:0.002510824080783025
United_Kingdom_5ad7:0.0023586470936127696
Germany:0.0023504016977119904
Earth:0.002324734859955163
France:0.0023236079471425962
Europe:0.0020380970371681973
Wiktionary:0.0017538842142764575
English_language:0.0017496771217548179
Government:0.0017323446521037007
Computer:0.0017168404847137425
India:0.001713170918385297
Money:0.0016673836980231767
Japan:0.0015516905685357772
Plant:0.001523559509360266
Italy:0.0015074330904983292
Canada:0.0014814073434532156
Spain:0.0014711236922238546
Food:0.0014246868489679737
Human:0.00141209700626996
China:0.0013967150612732328
People:0.0013822485250560854
Australia:0.0013298542407507935
Asia:0.0012844361711364036
Capital_(city):0.0012742684212522296
Television:0.0012649972257606484
Sun:0.0012602100811783
Number:0.0012432362289291014
State:0.0012403756814549113
Sound:0.0012352116672222232
Science:0.0012325431753597142
Mathematics:0.00123105663929585
Metal:0.0011923046237497068
Year:0.0011770925835108757
2004:0.001173357313768753
Language:0.001150165884858007
Russia:0.001146181779212844
Wikipedia:0.0011233302809884648
Religion:0.001098566699966292
19th_century:0.0010965391417803406
Music:0.0010874313232146719
Scotland:0.0010548007350065537
20th_century:0.0010537049832591234
Greece:0.001049222732934861
Latin:0.0010298606131876843
London:0.0010273554428515473
Greek_language:0.001004357256650526
Energy:9.990118103796368E-4
World:9.86350847997902E-4
Centuries:9.759058651368053E-4
Culture:9.452039652115233E-4
History:9.364696034256498E-4
Liquid:9.145230968002295E-4
Netherlands:9.057245076491703E-4
Planet:9.049322622392141E-4
Light:9.016763526865957E-4
Society:9.014920621454215E-4
Atom:8.90022640653159E-4
Wikimedia_Foundation_83d9:8.884400707763221E-4
Scientist:8.883836105736997E-4
Image:8.876884860222194E-4
Law:8.862908055986258E-4
Geography:8.788451614551074E-4
List_of_decades:8.785742942839099E-4
Uniform_Resource_Locator_1b4e:8.618845063634346E-4
Africa:8.605699671526482E-4
Turkey:8.448863678892079E-4
Inhabitant:8.304794882325067E-4
Capital_city:8.230488140439349E-4
Plural:8.215155955104314E-4
Electricity:8.137230016666802E-4
Poland:7.972379043155139E-4
Building:7.971238925722228E-4
Car:7.946540606240843E-4
Sweden:7.917125562342908E-4
Book:7.914884705321301E-4
Biology:7.869328964315908E-4
War:7.708172945482248E-4
Chemical_element:7.681607959198544E-4
God:7.609357218915556E-4
North_America_e7c4:7.562868644168607E-4
September_7:7.547781812642625E-4
Website:7.462973500605928E-4
Nation:7.426671526407811E-4
Politics:7.397103787590717E-4
2006:7.33290017226094E-4
Fish:7.322371112911328E-4
Species:7.308711176294933E-4
Mammal:7.216744135950781E-4
Island:7.178090203037451E-4
Portugal:7.171070596607488E-4
Gas:7.155515366540749E-4
River:7.115777513010693E-4
Switzerland:7.061075074386629E-4
World_War_II_d045:7.020304931583199E-4
