United_States_09d4:0.005096646588044788
Wikimedia_Commons_7b57:0.004718697258742739
Country:0.0038507548064356085
England:0.002709990583550885
Water:0.0026294775359512698
Animal:0.0025023796569741286
City:0.002464278728589352
Germany:0.002316092196808633
United_Kingdom_5ad7:0.002311652618285886
France:0.0022823527747223554
Earth:0.0022729750628808906
Europe:0.0019970764383551356
Wiktionary:0.0017223045856769388
English_language:0.001715018742515926
Government:0.0016945659892528553
Computer:0.0016843410366924054
India:0.0016797366285692546
Money:0.001632112940265292
Japan:0.0015243500731163396
Plant:0.0014938835788022198
Italy:0.0014793779279387953
Canada:0.001453230732439984
Spain:0.0014457178691922993
Food:0.0013967522760546759
Human:0.0013836240363854142
China:0.0013693167175605233
People:0.0013538901751687146
Australia:0.0013061404309592894
Asia:0.0012564082522198519
Capital_(city):0.0012495844812215298
Television:0.0012433462175734386
Sun:0.0012315730055056482
Number:0.0012183127286300027
State:0.0012130204063331615
Sound:0.0012089561035909272
Mathematics:0.0012074042951227275
Science:0.0012057504044786266
Metal:0.0011687475638194628
Year:0.0011526489321566262
2004:0.0011510633519142954
Language:0.0011269712091675882
Russia:0.0011232295021592962
Wikipedia:0.0010981282416452631
Religion:0.0010772063865963216
19th_century:0.0010750739665980977
Music:0.0010695336828363657
Scotland:0.001035489975176333
20th_century:0.0010326694723947838
Greece:0.001030128836260598
London:0.001010039610390305
Latin:0.0010091902233349886
Greek_language:9.833061648581816E-4
Energy:9.76294841387869E-4
World:9.648020132102291E-4
Centuries:9.570901596142261E-4
Culture:9.234245760294496E-4
History:9.157012996577619E-4
Liquid:8.949133426659928E-4
Netherlands:8.894416051676315E-4
Planet:8.837976581973714E-4
Light:8.814789561579983E-4
Society:8.806315832519823E-4
Scientist:8.701368395259191E-4
Atom:8.700327165123633E-4
Wikimedia_Foundation_83d9:8.690721504720578E-4
Image:8.679809818841085E-4
Law:8.67958795120975E-4
List_of_decades:8.612442116472514E-4
Geography:8.582032554180723E-4
Africa:8.436555933292924E-4
Uniform_Resource_Locator_1b4e:8.429637289863998E-4
Turkey:8.254740023964994E-4
Inhabitant:8.236772284047105E-4
Capital_city:8.093838662629272E-4
Plural:8.028018078931133E-4
Electricity:7.963051214927016E-4
Poland:7.825264720697745E-4
Building:7.811488192521378E-4
Car:7.798792189350153E-4
Book:7.780622209879209E-4
Sweden:7.76481907485165E-4
Biology:7.707285124136828E-4
War:7.556369549951589E-4
Chemical_element:7.535788772539734E-4
God:7.47745020282733E-4
North_America_e7c4:7.419296267088123E-4
September_7:7.383452520868494E-4
Website:7.297281445911395E-4
Nation:7.249817969149758E-4
Politics:7.241392299796811E-4
2006:7.208076743445011E-4
Fish:7.180911081818245E-4
Species:7.177956439462924E-4
Mammal:7.077457770426315E-4
Island:7.037581462364801E-4
Portugal:7.026094092195537E-4
Gas:6.99249779416759E-4
River:6.982304048786819E-4
Switzerland:6.916069428971697E-4
World_War_II_d045:6.893926256468793E-4
