United_States_09d4:0.0026227825187593377
2006:0.001228450256482843
United_Kingdom_5ad7:0.0012030876608603203
Biography:9.820374453285124E-4
2005:9.170072940305542E-4
England:8.801708416602585E-4
Canada:8.55868879382849E-4
Geographic_coordinate_system:7.716233146138104E-4
France:7.249872472231313E-4
2004:7.198637043693399E-4
Australia:6.80448986843483E-4
Germany:6.543130065005308E-4
2003:5.873690347801407E-4
India:5.83396343155216E-4
Japan:5.828277051164954E-4
Internet_Movie_Database_7ea7:5.334864306392841E-4
Europe:5.092484961967256E-4
Record_label:4.914393226412589E-4
2001:4.869912858037572E-4
2002:4.828577352476757E-4
World_War_II_d045:4.780333469570767E-4
Population_density:4.7032568807996823E-4
Music_genre:4.6717772952815353E-4
2000:4.646462307061706E-4
Italy:4.4579052334837446E-4
Wiktionary:4.3619199527865365E-4
Wikimedia_Commons_7b57:4.352808132065879E-4
London:4.347780353048833E-4
English_language:4.184760428777549E-4
1999:4.0592116539483406E-4
Spain:3.6290512597541663E-4
1998:3.562958731726631E-4
Russia:3.438826208005937E-4
1997:3.372721128493538E-4
Television:3.362841619273117E-4
New_York_City_1428:3.3461572817403764E-4
Football_(soccer):3.2613617759774476E-4
1996:3.236143138982109E-4
Census:3.235427094261717E-4
Scotland:3.2217732342577573E-4
1995:3.101430911199308E-4
China:3.086287965995109E-4
Population:3.043049002978964E-4
Square_mile:3.0404440801577146E-4
Scientific_classification:3.0399970858383365E-4
California:3.016544758861139E-4
1994:2.906794147210577E-4
Sweden:2.876107359359596E-4
Public_domain:2.874055257964123E-4
Film:2.86258493118753E-4
Record_producer:2.841024143338621E-4
New_Zealand_2311:2.830900422725554E-4
New_York_3da4:2.7887498242400757E-4
Netherlands:2.76660287811981E-4
Marriage:2.758027259076362E-4
1993:2.7479310698437124E-4
United_States_Census_Bureau_2c85:2.746565215125383E-4
1991:2.71887529776253E-4
1990:2.6831440274925205E-4
1992:2.6635638731172597E-4
Politician:2.6488442524146016E-4
Album:2.605480767641665E-4
Latin:2.604466868555819E-4
Actor:2.583294941663983E-4
Ireland:2.580910099543991E-4
Per_capita_income:2.556329031037564E-4
Studio_album:2.518443145401401E-4
Poverty_line:2.5115537076376884E-4
Km²:2.4949754174653847E-4
1989:2.4688119217328066E-4
Norway:2.408368253981083E-4
Website:2.3900559612239933E-4
1980:2.3531352554088792E-4
Animal:2.2936941866444032E-4
Area:2.2920047036184953E-4
1986:2.2702487920720472E-4
Personal_name:2.262321991858073E-4
Poland:2.26111312220352E-4
Brazil:2.256445471972266E-4
1985:2.240199177296598E-4
1987:2.232966140228837E-4
1983:2.217470380566082E-4
1982:2.2108915650159697E-4
French_language:2.1937277563552907E-4
1981:2.1933927024865598E-4
1979:2.1932144602916905E-4
1984:2.1878134107364863E-4
World_War_I_9429:2.186853007908217E-4
1988:2.1856801601130148E-4
Paris:2.180029886243441E-4
1974:2.1796732724179414E-4
Mexico:2.156607926523724E-4
19th_century:2.1184915376876306E-4
1970:2.1131563777755617E-4
January_1:2.1085567314475584E-4
USA_f75d:2.107004987407718E-4
1975:2.0859450047117526E-4
1976:2.0845991142081008E-4
Africa:2.0779081242293916E-4
South_Africa_1287:2.073521027472804E-4
